1000
4354 14252 20000
21373 14493 20000
17131 18703 10000
1903 12595 10000
19105 8669 20000
31712 4629 10000
4676 24364 20000
8376 30462 20000
8791 4020 30000
13619 26811 20000
527 25143 10000
7113 20236 30000
15376 965 30000
25354 21038 30000
2598 8782 30000
23895 881 20000
19165 32071 30000
15036 18037 20000
14850 20823 20000
32612 31954 10000
374 3383 20000
13900 29792 30000
10712 27985 10000
13135 7262 30000
19186 10439 30000
26775 8223 10000
10736 5599 10000
4893 17934 20000
18372 25868 20000
7871 26659 20000
19527 6417 10000
28169 5920 30000
19193 2023 20000
31447 3124 10000
9320 17268 10000
23626 1232 10000
21423 6708 20000
29647 4819 10000
22919 16221 20000
9764 24408 10000
16088 26417 30000
26273 26833 20000
26335 3953 20000
18994 29995 10000
11568 5424 10000
9404 22319 20000
9804 28792 30000
12017 21101 20000
22908 17280 30000
11184 27449 10000
299 11875 30000
19342 22709 30000
23300 22936 10000
29211 11485 20000
25457 14490 10000
21492 11013 20000
4178 29573 20000
30163 16208 20000
19722 394 10000
13328 10761 10000
11820 6037 10000
30548 18404 30000
7539 30063 10000
26215 31887 20000
11982 8515 20000
3691 14114 30000
30106 5213 10000
29147 24646 30000
7532 3429 30000
1059 20526 30000
19445 31637 30000
6840 16059 20000
31207 5013 20000
7663 2652 10000
3809 27141 20000
4869 17040 30000
12493 14556 20000
17945 10510 20000
28988 3103 10000
13832 26878 30000
25494 18341 20000
15722 9680 10000
15685 6879 30000
6938 19341 30000
32029 22752 20000
16922 18613 10000
18866 6678 10000
2989 7697 20000
20060 23156 20000
22521 2803 20000
27922 16892 30000
10394 7399 10000
12140 16107 20000
7646 8125 30000
2917 24565 20000
19119 26480 30000
24763 16984 30000
23632 16224 10000
6649 15010 10000
27256 718 20000
10382 28810 30000
14707 4257 30000
13703 17707 20000
6988 221 30000
26810 22647 20000
15924 19541 30000
9869 11723 30000
26011 1908 20000
10398 6370 30000
6327 30529 10000
28653 5019 20000
3190 13277 10000
20324 12878 10000
18432 20019 20000
17351 28579 10000
2655 5778 20000
2680 18984 10000
7393 16480 10000
31379 32029 20000
20818 17208 20000
7239 19247 10000
15395 5120 30000
26753 11532 30000
6674 12512 20000
3900 3878 20000
3575 4391 10000
11540 28925 20000
20152 26236 30000
2295 32188 20000
18078 20198 20000
22780 26907 20000
23674 12190 10000
14799 19643 10000
29783 32418 10000
1588 16761 20000
30904 21880 10000
9354 19823 10000
16009 20915 20000
15964 19098 30000
9548 6160 30000
14939 29529 30000
16945 21824 30000
19288 6468 30000
17 25538 10000
1820 20 30000
14221 24665 30000
20009 14726 30000
10676 32508 10000
27084 135 10000
19720 28758 30000
14347 16647 20000
20410 11316 20000
5451 1867 10000
25448 3950 20000
462 19601 30000
9682 31788 10000
21844 20574 30000
5942 8602 10000
15737 13533 30000
23132 19561 20000
21434 14857 10000
17262 13227 30000
24092 1696 20000
21048 11760 10000
23014 16142 20000
26984 10410 20000
20981 2517 30000
14291 12355 10000
19088 24086 10000
10757 24943 10000
19142 25675 20000
10607 19611 30000
20412 6745 10000
15388 14980 10000
20597 9074 30000
4787 28006 20000
30967 398 10000
3110 31803 30000
31204 14690 20000
32114 19971 10000
17875 25365 30000
28968 6414 20000
26642 14636 30000
26047 11964 30000
22688 9314 30000
8929 22070 10000
24434 24164 10000
23856 6403 20000
19820 24236 20000
23860 14989 10000
7051 11246 30000
2417 12272 10000
28988 12758 30000
23767 24488 10000
14545 11784 20000
18956 18683 20000
21899 30877 20000
8508 304 20000
20673 11160 30000
4471 18677 20000
31746 18947 30000
8128 26241 20000
9282 21175 10000
15710 332 30000
5753 29690 30000
21522 645 30000
28731 11388 10000
31282 2431 20000
5934 23380 10000
23013 26065 10000
18544 25613 20000
32241 20703 30000
3396 27882 20000
31704 24320 20000
5281 11491 30000
9783 25735 10000
2430 3083 10000
25508 25935 30000
3045 21597 10000
17797 9629 30000
1852 10791 10000
22408 10617 30000
19011 19080 30000
11216 27594 30000
5557 29628 20000
12529 26837 20000
23698 11820 20000
13900 20470 30000
15734 15999 10000
30830 24237 30000
24209 10266 30000
29306 6984 30000
24090 9422 30000
21202 28640 10000
1865 8627 20000
8303 5725 30000
74 31317 30000
11178 27834 30000
16290 8892 20000
8294 13511 10000
22520 1535 30000
18657 1298 10000
8004 25184 30000
6025 22728 20000
29399 11551 10000
13232 19109 30000
27568 22406 30000
22523 11087 20000
20253 31711 10000
8908 23986 30000
30110 21588 20000
22568 17459 20000
22140 14056 30000
20938 8150 30000
28824 30979 20000
17745 7853 30000
31069 25169 10000
29141 2345 20000
8407 2532 30000
32081 5659 30000
26206 27085 10000
8083 31640 20000
31581 29874 30000
31669 26355 30000
6670 22032 20000
2644 12420 20000
5203 4378 30000
1531 28677 10000
17127 15233 20000
14460 7324 30000
30628 26760 20000
9001 12277 30000
13708 20006 20000
5426 26103 30000
18393 4403 20000
10897 15094 30000
27972 18123 30000
13129 18549 30000
16182 26731 10000
30179 9419 30000
21685 1396 30000
29038 1110 20000
28438 14369 20000
627 6907 10000
21220 7429 30000
27539 13083 10000
22915 5046 20000
3531 11091 30000
22636 13360 20000
26010 7836 20000
16665 30728 30000
31091 29345 20000
26877 26526 10000
6981 30314 20000
19228 31418 10000
512 12206 10000
23832 6496 30000
8541 32614 10000
20439 5315 10000
5466 30332 20000
22537 22935 30000
17441 6562 10000
30006 21561 30000
21586 32704 20000
11812 21601 20000
3825 14455 30000
28582 350 30000
2915 20642 10000
14147 28935 30000
26938 10471 30000
1324 747 30000
11974 14003 30000
18814 3685 20000
29860 16948 10000
11972 3483 10000
9660 21550 10000
22572 2200 10000
6265 23744 30000
29692 27387 10000
28951 14451 10000
29466 29678 10000
26200 11047 30000
23760 25456 20000
30986 16576 30000
8714 14602 20000
17435 20890 10000
5575 6024 30000
3634 15665 10000
22639 32342 10000
1797 22398 20000
8781 21637 30000
27108 5626 20000
32102 2733 20000
27696 20293 30000
14675 12326 20000
14776 27874 10000
17399 3401 20000
6709 20619 30000
10276 30648 10000
597 30466 10000
20364 30442 20000
6171 8308 30000
22410 15965 30000
25982 2751 20000
24753 20551 10000
25989 9284 10000
20257 5787 20000
5980 7685 30000
1549 14777 30000
8215 31294 20000
21242 17192 20000
3854 12485 20000
3488 37 10000
25128 21698 20000
30579 27379 30000
15982 24496 30000
12862 29481 10000
18094 29601 30000
18261 7285 20000
23845 6964 20000
16715 26763 10000
15973 22467 20000
22574 11321 30000
4849 16055 30000
13495 6366 30000
8769 3324 30000
26865 15017 10000
3380 1042 20000
32060 16757 30000
12054 9770 20000
26315 27931 30000
19392 3920 30000
30935 14220 30000
22149 18323 30000
29767 9755 10000
12513 3751 20000
20868 22708 30000
4393 23421 30000
20132 18681 20000
8363 10934 30000
16445 1151 10000
7682 19725 10000
11638 21654 20000
15238 17152 10000
28724 2924 30000
23329 25956 30000
30843 24938 30000
32758 12969 10000
32335 16148 20000
9108 9975 30000
28607 20185 30000
24495 6511 20000
20708 3989 20000
24212 17198 20000
8690 11191 10000
5080 25835 20000
17333 25151 30000
11245 1600 20000
19720 9752 30000
15518 5640 10000
25645 3453 30000
22956 21837 30000
1298 3677 30000
6140 32450 30000
14812 9733 10000
3855 6845 10000
15707 14715 20000
23496 29731 30000
22320 2371 30000
22697 15575 20000
4038 20109 10000
32513 12411 10000
11894 20738 10000
468 31396 30000
24167 19356 20000
32343 25054 20000
26383 7259 20000
26459 19206 20000
11103 19885 10000
26620 8419 20000
12022 23010 10000
12135 6675 20000
17148 26636 30000
15017 19354 30000
17521 32527 30000
4778 183 30000
5136 5847 10000
25586 206 10000
13334 22762 10000
8906 21129 10000
21137 6349 20000
27086 14204 20000
1793 25081 30000
14864 7660 30000
16498 15447 20000
2912 11922 30000
23891 18798 20000
81 31337 20000
14528 27606 30000
25867 12523 10000
12526 6028 30000
12572 16715 10000
22783 1327 20000
25526 27018 20000
15470 7002 10000
3876 3196 10000
25798 18580 10000
4955 17430 10000
17002 3467 20000
12527 6047 20000
16280 27284 30000
5334 5526 10000
12523 5292 20000
4799 24430 30000
6405 5477 10000
18155 2413 10000
23852 5774 10000
6592 6997 10000
9985 25968 20000
28311 3736 30000
21396 758 10000
29811 27982 30000
2692 11550 30000
27291 16678 30000
30704 898 10000
1113 25598 20000
14946 3041 20000
15942 3063 30000
29173 15582 10000
15588 11024 20000
4203 9348 30000
32642 32440 20000
8692 3368 30000
9114 1489 10000
21702 32438 10000
29729 5149 30000
6623 29599 30000
23946 28685 10000
25482 24532 20000
27241 25696 10000
22139 3475 10000
30196 296 10000
18590 9975 20000
6364 32762 20000
13543 21640 10000
18995 28031 20000
28113 30782 30000
4428 28321 30000
24653 2476 20000
18157 16896 10000
14140 17244 20000
4895 3713 20000
13286 31355 10000
25213 13831 30000
10712 29027 10000
18654 20414 20000
19762 2735 10000
160 12156 20000
30810 17874 20000
15620 2088 20000
19064 12141 20000
11103 21802 20000
4694 16093 10000
4613 23360 10000
29052 18350 10000
19771 19296 10000
4500 252 10000
18843 29291 30000
14975 32234 20000
22687 30414 10000
8620 6582 10000
10072 372 10000
31612 7947 20000
2178 24984 10000
15848 9645 30000
31336 21320 20000
12192 4752 30000
9819 7871 30000
24921 9709 10000
23206 23276 30000
5898 24576 10000
329 18353 10000
1338 4209 30000
9442 1217 30000
10947 28049 30000
642 28718 10000
2437 26614 30000
17008 17404 30000
8448 25625 20000
2812 11357 20000
25556 26372 20000
2035 6239 30000
32150 25652 10000
1626 1326 10000
12409 2616 10000
14187 2108 30000
27325 30902 10000
24344 30449 10000
480 1495 20000
29052 19116 10000
22024 29267 10000
16378 22071 10000
2595 29328 20000
8705 7691 10000
3492 6284 10000
20145 14056 10000
31470 15760 10000
13265 1718 10000
22992 23516 10000
19407 12709 10000
14229 10187 20000
6095 29191 10000
20124 29986 30000
17389 9056 30000
13683 24712 20000
27447 31121 10000
20965 7761 30000
15897 17208 20000
9861 1837 10000
18727 17048 30000
4496 20567 30000
4997 10906 20000
19014 8269 10000
4971 13779 30000
26117 12874 20000
23661 11156 20000
204 18927 20000
16013 2917 10000
23790 9689 20000
7753 4476 20000
31779 15136 10000
27932 26392 20000
26673 7408 10000
10035 10177 30000
11240 23226 10000
26172 219 10000
27946 9389 10000
17050 8976 10000
16169 31094 10000
13166 5501 20000
12333 20866 20000
13096 18602 30000
22652 31536 30000
29088 7083 10000
22587 30891 20000
7663 28676 10000
20574 31609 10000
8567 31015 20000
1795 25299 20000
21211 15008 10000
8653 14690 30000
731 13386 30000
16667 25601 30000
7763 7722 20000
23848 22150 20000
18372 23996 20000
8831 1223 30000
4145 7382 10000
15686 13656 30000
10819 11889 20000
6985 10413 20000
25572 18424 30000
15060 686 30000
12755 5607 10000
12466 24027 30000
30179 26852 10000
14835 13966 30000
13280 13469 20000
32328 16902 20000
29268 27655 30000
11793 6200 20000
23448 32470 10000
29553 10396 10000
10492 27206 10000
20487 4467 10000
17649 910 30000
2335 28210 10000
12906 27798 20000
17011 23835 20000
30458 5053 10000
27605 9517 10000
21086 17884 30000
16472 23787 10000
18790 17866 10000
21977 1967 30000
17279 7942 30000
12787 8839 10000
341 4434 20000
5562 23236 10000
22589 4457 30000
17375 30668 10000
12645 32538 10000
32005 11981 10000
7427 27485 20000
23660 29275 30000
10488 10577 20000
13123 10539 20000
26529 31511 10000
2875 24162 10000
32455 2057 10000
10549 17199 30000
32760 31686 30000
20253 3245 20000
679 17911 20000
10322 10818 10000
19942 240 10000
20013 20462 20000
8858 6506 20000
14977 11600 20000
14451 31757 30000
23596 13640 30000
3864 23945 10000
26131 25465 10000
8765 14436 10000
27420 17440 10000
10910 26577 20000
31235 30714 10000
12064 26917 20000
16927 20775 20000
4216 21965 10000
26224 18264 30000
16170 9672 30000
5776 12451 10000
16074 20246 30000
23898 14798 20000
19133 28836 20000
25442 21501 20000
12261 30606 10000
14236 1785 30000
3077 9171 30000
6841 7824 30000
28359 3544 10000
23081 20161 30000
8604 24644 20000
3526 32175 10000
29427 29210 10000
6026 13194 20000
5755 23328 30000
9959 4087 20000
20338 4342 20000
18839 24987 10000
31524 9570 30000
20990 26582 30000
297 28357 20000
8053 12238 10000
31757 18865 20000
12049 13659 30000
26717 20245 20000
23503 17785 30000
8527 23680 20000
27427 25408 20000
14723 13413 10000
32600 29083 10000
9102 23145 30000
23377 29492 20000
29004 13343 20000
7040 8010 20000
555 28869 20000
13871 9581 30000
6128 23254 10000
18805 4956 10000
18088 3215 30000
1892 14190 10000
24505 7360 20000
348 24403 30000
8538 19322 30000
14724 17940 30000
27347 3702 10000
19920 13710 10000
19285 11088 10000
21036 7911 30000
17491 25065 30000
6043 2733 20000
22932 5005 10000
15460 3230 10000
22660 25511 30000
1459 12357 30000
28008 5435 20000
15664 27379 20000
30841 29776 30000
11639 21700 30000
28194 32015 30000
28279 3496 10000
13519 14930 10000
3882 5286 30000
14339 5060 10000
23577 18137 20000
7105 2028 30000
6831 2264 20000
27747 10423 30000
8011 6275 20000
9842 12641 20000
14470 32364 20000
20256 17092 20000
5173 23893 10000
24949 20347 20000
4870 17278 30000
23882 4959 30000
1486 29878 30000
7329 10818 30000
7132 13669 20000
2315 2037 20000
27637 15894 10000
11795 18429 10000
2499 31774 10000
18139 5509 20000
6100 28536 20000
5251 23657 30000
19077 7924 10000
22501 6777 10000
27249 4927 10000
1227 5176 30000
9521 24180 10000
32179 29385 20000
29077 14648 10000
11956 30925 30000
2206 32656 20000
801 6738 10000
1761 9960 30000
17666 26677 30000
16927 29713 30000
18047 31091 30000
19757 4887 20000
5314 23911 10000
6279 3137 20000
12552 14313 10000
10275 14492 30000
14291 1215 30000
1887 7641 20000
18306 12780 10000
2588 19563 30000
11955 22712 30000
5734 19496 10000
16438 27530 20000
13370 8923 20000
28043 17129 30000
2377 23940 10000
18962 7746 20000
17606 4156 10000
10364 32066 20000
25507 18933 20000
28956 15588 20000
12235 20632 30000
27434 12167 20000
32055 28448 30000
19482 2471 20000
32243 712 10000
18313 1292 10000
8811 5489 10000
24446 6795 30000
28064 698 20000
10215 14002 10000
32008 12939 20000
24983 26609 10000
21070 12033 10000
4154 17697 10000
16688 5364 10000
19445 16759 30000
20007 26013 10000
23211 24390 20000
23199 25852 20000
26140 17689 20000
16871 17419 10000
15202 12559 10000
5670 9966 20000
13677 13445 30000
3826 30352 30000
6034 5733 10000
868 10873 20000
32336 17597 10000
1971 8897 30000
31688 28266 10000
2757 4960 30000
17062 17395 30000
10807 14678 10000
15728 2804 10000
29632 26464 10000
26989 12704 30000
265 15152 10000
5031 30792 10000
22347 19809 30000
31668 9446 30000
17999 15783 20000
13128 6426 10000
15010 27105 10000
8898 7463 30000
9509 14872 20000
14896 21189 30000
20025 1180 10000
21377 6374 20000
13625 29870 20000
30164 17863 10000
3327 25471 20000
21296 3805 10000
3239 1648 10000
20741 20095 20000
14292 1743 30000
328 9566 10000
1046 22155 20000
29954 18985 10000
26955 12948 30000
4782 17390 20000
2322 3808 20000
27070 23577 20000
15780 29004 20000
10778 23327 10000
6828 22481 20000
16755 12086 30000
19203 31693 30000
31174 32429 30000
19536 26439 10000
7015 28602 30000
26102 12921 30000
23131 11740 10000
27365 12039 20000
2556 31015 10000
28198 5032 30000
792 26128 20000
8235 13877 30000
10237 29836 20000
8027 23377 10000
20291 23469 30000
12368 27176 20000
26919 25337 20000
8885 14331 10000
15572 30000 30000
11731 29296 30000
29174 20544 10000
23592 16611 20000
4191 25742 10000
16285 21541 10000
689 10733 30000
12344 6510 20000
19010 31436 10000
21853 28786 20000
16824 30343 20000
15862 28113 10000
22800 4575 30000
26147 10848 20000
28940 26887 30000
18746 13565 10000
13628 10438 10000
5439 16358 10000
23327 3224 10000
20770 25552 10000
21001 3556 20000
22875 8753 20000
733 1169 20000
3786 32122 30000
4017 13218 20000
471 22832 10000
25337 7343 10000
22604 11564 20000
6867 2885 10000
13924 15971 30000
18556 9622 30000
9210 21767 20000
25890 524 20000
19684 6885 10000
5259 22922 30000
10202 15939 10000
9035 31885 10000
4480 29878 20000
29049 17769 20000
20834 22174 30000
31782 27728 20000
23817 5965 20000
18188 29164 10000
4468 9991 20000
21793 23468 10000
5523 9053 10000
31251 18718 10000
14492 28555 30000
26600 3042 30000
30031 12774 30000
17192 29724 30000
24456 5247 10000
3416 375 10000
13225 22142 30000
10433 11534 30000
6087 18670 10000
27046 6870 10000
27810 3297 10000
26748 16740 30000
24774 8772 10000
26058 3365 20000
25199 23991 10000
23467 16469 20000
7431 315 30000
8753 25446 20000
30033 18085 20000
8990 4501 30000
930 31750 20000
20131 23506 20000
28086 12694 10000
9776 28757 30000
18945 13756 20000
4978 16242 20000
29840 1865 20000
12564 1664 10000
471 20231 30000
30691 4094 30000
22005 10526 10000
15968 9267 30000
26465 23564 10000
29153 10233 10000
27128 24093 30000
14297 20348 10000
7136 2972 20000
2783 10508 20000
16326 32583 20000
14977 10327 10000
2134 27548 20000
17934 21667 10000
26372 28448 30000
10718 23781 20000
25727 30386 20000
13247 10950 30000
29542 10364 20000
7820 10734 30000
7698 22320 30000
24090 27449 20000
5779 28809 30000
31749 9113 10000
7225 2884 20000
31488 21718 20000
27704 30748 10000
14766 17001 30000
6989 22113 10000
3900 16168 10000
21610 30784 30000
11046 28795 30000
7381 11240 20000
28401 27212 20000
30785 5628 10000
21450 4862 20000
10177 32538 30000
18239 8452 20000
21681 6499 20000
4492 19442 30000
21731 9281 30000
7479 2332 30000
26539 17378 20000
10996 28708 30000
25517 12061 10000
28161 15874 20000
23412 20932 10000
3190 28009 20000
21297 31372 20000
23627 4511 10000
19524 29449 20000
16630 7449 20000
15189 17789 10000
5876 3963 20000
1058 18280 20000
29081 16078 10000
25173 4374 10000
25848 7696 10000
18686 10658 30000
30925 5982 20000

